lat_ap=[8.13;8.14;8.11;8.09;8.05;7.88;7.92;8.39];
lat_ca=[8.06;8.03;8.06;8.05;7.99;7.93;7.74;8.35];
lon_ap=[91.94;91.91;91.95;91.90;91.99;92.19;92.23;91.62];
lon_ca=[91.82;91.94;91.96;92.09;91.99;92.09;92.31;91.69];
lat_cali=[];
lon_cali=[];

save ca_ap_loc.mat lat_ca lat_ap lon_ca lon_ap lat_cali lon_cali